('freq_pun', 10, 219, 55, 0.8)
('freq_pun', 10, 219, 55, 0.8)
('freq_pun', 10, 219, 55, 0.8)
('freq_nb_words', 10, 219, 55, 0.7454545454545455)
('freq_length_sen', 10, 219, 55, 0.7090909090909091)
('norm_transition_mat', 10, 219, 55, 0.8909090909090909)
('{f1,f3,f4,f5}', 10, 219, 55, 0.8363636363636363)
('all', 10, 219, 55, 0.8545454545454545)
('freq_pun', 50, 1064, 267, 0.6142322097378277)
('freq_nb_words', 50, 1064, 267, 0.47191011235955055)
('freq_length_sen', 50, 1064, 267, 0.4419475655430712)
('norm_transition_mat', 50, 1064, 267, 0.8127340823970037)
('{f1,f3,f4,f5}', 50, 1064, 267, 0.7565543071161048)
('all', 50, 1064, 267, 0.8389513108614233)
('freq_pun', 100, 1588, 397, 0.5591939546599496)
('freq_nb_words', 100, 1588, 397, 0.3904282115869018)
('freq_length_sen', 100, 1588, 397, 0.3249370277078086)
('norm_transition_mat', 100, 1588, 397, 0.7481108312342569)
('{f1,f3,f4,f5}', 100, 1588, 397, 0.7657430730478589)
('all', 100, 1588, 397, 0.7657430730478589)
('freq_pun', 200, 3905, 977, 0.4851586489252815)
('freq_nb_words', 200, 3905, 977, 0.3285568065506653)
('freq_length_sen', 200, 3905, 977, 0.27840327533265097)
('norm_transition_mat', 200, 3905, 977, 0.6980552712384852)
('{f1,f3,f4,f5}', 200, 3905, 977, 0.7410440122824974)
('all', 200, 3905, 977, 0.7676560900716479)
('freq_pun', 400, 7880, 1970, 0.39847715736040606)
('freq_nb_words', 400, 7880, 1970, 0.28730964467005077)
('freq_length_sen', 400, 7880, 1970, 0.23045685279187816)
('norm_transition_mat', 400, 7880, 1970, 0.682741116751269)
('{f1,f3,f4,f5}', 400, 7880, 1970, 0.6994923857868021)
('all', 400, 7880, 1970, 0.751269035532995)
('freq_pun', 651, 11957, 2990, 0.36086956521739133)
('freq_nb_words', 651, 11957, 2990, 0.23478260869565218)
('freq_length_sen', 651, 11957, 2990, 0.1919732441471572)
('norm_transition_mat', 651, 11957, 2990, 0.6812709030100335)
('{f1,f3,f4,f5}', 651, 11957, 2990, 0.662876254180602)
('all', 651, 11957, 2990, 0.7220735785953177)
